import numpy as np

bm4 = np.array([[0, 51, 44, 48, 50],
                [51, 0, 56, 18, 30],
                [44, 56, 0, 44, 80],
                [48, 18, 44, 0, 33],
                [50, 30, 80, 33, 0]], dtype=np.int32)

bm8 = np.array([[0, 8, 64, 51, 93, 25, 68, 33, 60],
               [8, 0, 86, 11, 42, 30, 30, 51, 43],
               [64, 86, 0, 80, 52, 37, 18, 30, 38],
               [51, 11, 80, 0, 61, 35, 50, 42, 75],
               [93, 42, 52, 61, 0, 46, 39, 58, 66],
               [25, 30, 37, 35, 46, 0, 47, 31, 71],
               [68, 30, 18, 50, 39, 47, 0, 20, 40],
               [33, 51, 30, 42, 58, 31, 20, 0, 52],
               [60, 43, 38, 75, 66, 71, 40, 52, 0]], dtype=np.int32)

bm12 = np.array([[0, 122, 81, 87, 26, 93, 70, 37, 45, 109, 101, 40, 94],
                 [122, 0, 65, 68, 96, 73, 53, 86, 101, 18, 58, 87, 99],
                 [81, 65, 0, 7, 63, 96, 49, 59, 87, 65, 89, 42, 116],
                 [87, 68, 7, 0, 70, 103, 56, 66, 94, 69, 96, 48, 123],
                 [26, 96, 63, 70, 0, 70, 43, 11, 31, 83, 76, 23, 76],
                 [93, 73, 96, 103, 70, 0, 47, 61, 51, 56, 17, 80, 25],
                 [70, 53, 49, 56, 43, 47, 0, 32, 50, 39, 43, 40, 67],
                 [37, 86, 59, 66, 11, 61, 32, 0, 29, 72, 65, 23, 69],
                 [45, 101, 87, 94, 31, 51, 50, 29, 0, 85, 62, 52, 49],
                 [109, 18, 65, 69, 83, 56, 39, 72, 85, 0, 40, 77, 81],
                 [101, 58, 89, 96, 76, 17, 43, 65, 62, 40, 0, 82, 42],
                 [40, 87, 42, 48, 23, 80, 40, 23, 52, 77, 82, 0, 92],
                 [94, 99, 116, 123, 76, 25, 67, 69, 49, 81, 42, 92, 0]], dtype=np.int32)

bm15 = np.array([[0, 40, 100, 172, 64, 169, 156, 169, 3, 157, 172, 193, 213, 69, 181, 109],
                 [40, 0, 176, 74, 23, 104, 105, 161, 101, 78, 226, 102, 102, 88, 139, 21],
                 [100, 176, 0, 118, 149, 109, 80, 140, 137, 118, 126, 119, 25, 59, 34, 144],
                 [172, 74, 118, 0, 141, 60, 114, 157, 142, 166, 148, 59, 110, 84, 89, 166],
                 [64, 23, 149, 141, 0, 87, 173, 112, 156, 33, 162, 110, 144, 198, 207, 83],
                 [169, 104, 109, 60, 87, 0, 122, 123, 88, 79, 88, 162, 212, 121, 142, 196],
                 [156, 105, 80, 114, 173, 122, 0, 98, 177, 40, 126, 30, 138, 99, 168, 143],
                 [169, 161, 140, 157, 112, 123, 98, 0, 85, 50, 115, 75, 123, 127, 94, 137],
                 [3, 101, 137, 142, 156, 88, 177, 85, 0, 135, 87, 27, 31, 117, 157, 207],
                 [157, 78, 118, 166, 33, 79, 40, 50, 135, 0, 194, 68, 114, 107, 119, 115],
                 [172, 226, 126, 148, 162, 88, 126, 115, 87, 194, 0, 65, 154, 147, 172, 176],
                 [193, 102, 119, 59, 110, 162, 30, 75, 27, 68, 65, 0, 159, 117, 99, 126],
                 [213, 102, 25, 110, 144, 212, 138, 123, 31, 114, 154, 159, 0, 125, 121, 53],
                 [69, 88, 59, 84, 198, 121, 99, 127, 117, 107, 147, 117, 125, 0, 160, 49],
                 [181, 139, 34, 89, 207, 142, 168, 94, 157, 119, 172, 99, 121, 160, 0, 135],
                 [109, 21, 144, 166, 83, 196, 143, 137, 207, 115, 176, 126, 53, 49, 135, 0]], dtype=np.int32)